{
  "descriptor": {
    "source": "demo_merged_meme_oops",
    "motif_id": "lexA_CTGTATAWAWWHACA",
    "tf_name": "lexA",
    "length": 15,
    "alphabet": "ACGT",
    "kind": "PFM",
    "organism": {
      "taxon": null,
      "name": "Escherichia coli",
      "strain": null,
      "assembly": null
    },
    "tags": {
      "matrix_source": "meme",
      "discovery_tool": "meme",
      "discovery_tool_path": "/Users/Shockwing/Dropbox/projects/phd/cruncher-refine/.pixi/envs/default/bin/meme",
      "discovery_tool_version": "5.5.9",
      "discovery_run": "discover_lexA_20260212_124852_5c4caf",
      "discovery_nsites": "99",
      "discovery_minw": "tool_default",
      "discovery_maxw": "tool_default",
      "discovery_nmotifs": "1"
    }
  },
  "matrix": [
    [
      0.010101,
      0.969697,
      0.0,
      0.020202
    ],
    [
      0.0,
      0.0,
      0.0,
      1.0
    ],
    [
      0.010101,
      0.0,
      0.989899,
      0.0
    ],
    [
      0.040404,
      0.030303,
      0.10101,
      0.828283
    ],
    [
      0.767677,
      0.040404,
      0.070707,
      0.121212
    ],
    [
      0.030303,
      0.191919,
      0.040404,
      0.737374
    ],
    [
      0.767677,
      0.020202,
      0.121212,
      0.090909
    ],
    [
      0.36363636363636365,
      0.12121212121212122,
      0.020202020202020204,
      0.4949494949494949
    ],
    [
      0.79798,
      0.060606,
      0.020202,
      0.121212
    ],
    [
      0.4343434343434343,
      0.12121212121212122,
      0.020202020202020204,
      0.42424242424242425
    ],
    [
      0.575758,
      0.060606,
      0.020202,
      0.343434
    ],
    [
      0.2727272727272727,
      0.31313131313131315,
      0.05050505050505051,
      0.36363636363636365
    ],
    [
      0.666667,
      0.272727,
      0.020202,
      0.040404
    ],
    [
      0.020202,
      0.939394,
      0.010101,
      0.030303
    ],
    [
      0.909091,
      0.010101,
      0.060606,
      0.020202
    ]
  ],
  "log_odds_matrix": [
    [
      -505.0,
      237.0,
      -1327.0,
      -398.0
    ],
    [
      -1327.0,
      -1327.0,
      -1327.0,
      165.0
    ],
    [
      -505.0,
      -1327.0,
      265.0,
      -1327.0
    ],
    [
      -305.0,
      -263.0,
      -64.0,
      137.0
    ],
    [
      120.0,
      -222.0,
      -116.0,
      -140.0
    ],
    [
      -346.0,
      3.0,
      -197.0,
      121.0
    ],
    [
      120.0,
      -322.0,
      -38.0,
      -181.0
    ],
    [
      12.0,
      -63.0,
      -296.0,
      63.0
    ],
    [
      125.0,
      -163.0,
      -296.0,
      -140.0
    ],
    [
      38.0,
      -63.0,
      -296.0,
      41.0
    ],
    [
      78.0,
      -163.0,
      -296.0,
      10.0
    ],
    [
      -30.0,
      74.0,
      -164.0,
      19.0
    ],
    [
      99.0,
      54.0,
      -296.0,
      -298.0
    ],
    [
      -405.0,
      232.0,
      -396.0,
      -340.0
    ],
    [
      144.0,
      -422.0,
      -138.0,
      -398.0
    ]
  ],
  "matrix_semantics": "probabilities",
  "background": [
    0.335,
    0.188,
    0.158,
    0.32
  ],
  "provenance": {
    "retrieved_at": "2026-02-12T17:48:52.765992+00:00",
    "source_version": null,
    "source_url": null,
    "license": null,
    "citation": null,
    "raw_artifact_paths": [
      "/Users/Shockwing/Dropbox/projects/phd/cruncher-refine/src/dnadesign/cruncher/.cruncher/discoveries/discover_lexA_20260212_124852_5c4caf/meme.txt"
    ],
    "tags": {}
  },
  "checksums": {
    "sha256_raw": "demo_raw_lexA",
    "sha256_norm": "demo_norm_lexA"
  }
}
