{
  "alphabet": "ACGT",
  "background": {
    "A": 0.2967032967032967,
    "C": 0.19580419580419584,
    "G": 0.19780219780219782,
    "T": 0.3096903096903097
  },
  "checksums": {
    "sha256_norm": "4219c9dc6a8c94e4df933d90d217e23fd938c804fb5775d74705aad72cea5fb1",
    "sha256_raw": "22890a505ba5d48023866f29910240570ea8760f1929a5bd5f8978d592b802f6"
  },
  "length": 17,
  "log_odds": [
    {
      "A": -1140.0,
      "C": -8.0,
      "G": -42.0,
      "T": 111.0
    },
    {
      "A": 146.0,
      "C": -240.0,
      "G": -42.0,
      "T": -1140.0
    },
    {
      "A": -68.0,
      "C": -240.0,
      "G": 90.0,
      "T": 40.0
    },
    {
      "A": -200.0,
      "C": 92.0,
      "G": 139.0,
      "T": -306.0
    },
    {
      "A": 17.0,
      "C": -40.0,
      "G": 117.0,
      "T": -206.0
    },
    {
      "A": 80.0,
      "C": -82.0,
      "G": 17.0,
      "T": -106.0
    },
    {
      "A": -42.0,
      "C": 18.0,
      "G": -142.0,
      "T": 64.0
    },
    {
      "A": 32.0,
      "C": -1140.0,
      "G": -42.0,
      "T": 64.0
    },
    {
      "A": -19.0,
      "C": -82.0,
      "G": -83.0,
      "T": 74.0
    },
    {
      "A": 32.0,
      "C": -40.0,
      "G": -242.0,
      "T": 52.0
    },
    {
      "A": 32.0,
      "C": 18.0,
      "G": -42.0,
      "T": -26.0
    },
    {
      "A": 0.0,
      "C": 18.0,
      "G": -242.0,
      "T": 52.0
    },
    {
      "A": -300.0,
      "C": 150.0,
      "G": -10.0,
      "T": -48.0
    },
    {
      "A": -142.0,
      "C": 60.0,
      "G": 117.0,
      "T": -106.0
    },
    {
      "A": 17.0,
      "C": 130.0,
      "G": -242.0,
      "T": -106.0
    },
    {
      "A": -200.0,
      "C": -140.0,
      "G": -142.0,
      "T": 133.0
    },
    {
      "A": 117.0,
      "C": -140.0,
      "G": 17.0,
      "T": -306.0
    }
  ],
  "matrix_semantics": "probabilities",
  "motif_id": "araC_TAKSRATWWWHHCSMTA",
  "probabilities": [
    {
      "A": 0.0,
      "C": 0.185185,
      "G": 0.148148,
      "T": 0.666667
    },
    {
      "A": 0.814815,
      "C": 0.037037,
      "G": 0.148148,
      "T": 0.0
    },
    {
      "A": 0.18518518518518517,
      "C": 0.03703703703703704,
      "G": 0.37037037037037035,
      "T": 0.40740740740740744
    },
    {
      "A": 0.074074,
      "C": 0.37037,
      "G": 0.518519,
      "T": 0.037037
    },
    {
      "A": 0.3333333333333333,
      "C": 0.14814814814814817,
      "G": 0.4444444444444445,
      "T": 0.07407407407407408
    },
    {
      "A": 0.518519,
      "C": 0.111111,
      "G": 0.222222,
      "T": 0.148148
    },
    {
      "A": 0.22222222222222224,
      "C": 0.22222222222222224,
      "G": 0.07407407407407408,
      "T": 0.4814814814814815
    },
    {
      "A": 0.37037037037037035,
      "C": 0.0,
      "G": 0.14814814814814817,
      "T": 0.4814814814814815
    },
    {
      "A": 0.259259,
      "C": 0.111111,
      "G": 0.111111,
      "T": 0.518519
    },
    {
      "A": 0.37037037037037035,
      "C": 0.14814814814814817,
      "G": 0.03703703703703704,
      "T": 0.4444444444444445
    },
    {
      "A": 0.37037037037037035,
      "C": 0.22222222222222224,
      "G": 0.14814814814814817,
      "T": 0.2592592592592593
    },
    {
      "A": 0.29629629629629634,
      "C": 0.22222222222222224,
      "G": 0.03703703703703704,
      "T": 0.4444444444444445
    },
    {
      "A": 0.037037,
      "C": 0.555556,
      "G": 0.185185,
      "T": 0.222222
    },
    {
      "A": 0.11111111111111112,
      "C": 0.29629629629629634,
      "G": 0.4444444444444445,
      "T": 0.14814814814814817
    },
    {
      "A": 0.3333333333333333,
      "C": 0.4814814814814815,
      "G": 0.03703703703703704,
      "T": 0.14814814814814817
    },
    {
      "A": 0.074074,
      "C": 0.074074,
      "G": 0.074074,
      "T": 0.777778
    },
    {
      "A": 0.666667,
      "C": 0.074074,
      "G": 0.222222,
      "T": 0.037037
    }
  ],
  "producer": "cruncher",
  "provenance": {
    "citation": null,
    "license": null,
    "raw_artifact_paths": [
      "/Users/Shockwing/Dropbox/projects/phd/dnadesign-cruncher-expanding/src/dnadesign/cruncher/.cruncher/pairwise_laci_arac/discoveries/discover_araC_20260220_125053_a7a763/meme.txt"
    ],
    "retrieved_at": "2026-02-20T17:50:53.244791+00:00",
    "source_url": null,
    "source_version": null,
    "tags": {}
  },
  "schema_version": "1.0",
  "source": "pairwise_laci_arac_merged_meme_oops",
  "tags": {
    "discovery_maxw": "tool_default",
    "discovery_minw": "tool_default",
    "discovery_nmotifs": "1",
    "discovery_nsites": "27",
    "discovery_run": "discover_araC_20260220_125053_a7a763",
    "discovery_site_sets": "1",
    "discovery_site_sources": "regulondb",
    "discovery_tool": "meme",
    "discovery_tool_path": "/Users/Shockwing/Dropbox/projects/phd/dnadesign-cruncher-expanding/.pixi/envs/default/bin/meme",
    "discovery_tool_version": "5.5.9",
    "matrix_source": "meme"
  },
  "tf_name": "araC"
}
