{
  "schema_version": "1",
  "alphabet": "DNA",
  "motifs": {
    "lexA": {
      "source": "demo_merged_meme_oops",
      "motif_id": "lexA_CTGTATAWAWWHACA",
      "matrix": [
        [
          0.010101,
          0.969697,
          0.0,
          0.020202
        ],
        [
          0.0,
          0.0,
          0.0,
          1.0
        ],
        [
          0.010101,
          0.0,
          0.989899,
          0.0
        ],
        [
          0.040404,
          0.030303,
          0.10101,
          0.828283
        ],
        [
          0.767677,
          0.040404,
          0.070707,
          0.121212
        ],
        [
          0.030303,
          0.191919,
          0.040404,
          0.737374
        ],
        [
          0.767677,
          0.020202,
          0.121212,
          0.090909
        ],
        [
          0.36363636363636365,
          0.12121212121212122,
          0.020202020202020204,
          0.4949494949494949
        ],
        [
          0.79798,
          0.060606,
          0.020202,
          0.121212
        ],
        [
          0.4343434343434343,
          0.12121212121212122,
          0.020202020202020204,
          0.42424242424242425
        ],
        [
          0.575758,
          0.060606,
          0.020202,
          0.343434
        ],
        [
          0.2727272727272727,
          0.31313131313131315,
          0.05050505050505051,
          0.36363636363636365
        ],
        [
          0.666667,
          0.272727,
          0.020202,
          0.040404
        ],
        [
          0.020202,
          0.939394,
          0.010101,
          0.030303
        ],
        [
          0.909091,
          0.010101,
          0.060606,
          0.020202
        ]
      ]
    },
    "cpxR": {
      "source": "demo_merged_meme_oops",
      "motif_id": "cpxR_MANWWHTTTAM",
      "matrix": [
        [
          0.313725,
          0.514706,
          0.04902,
          0.122549
        ],
        [
          0.588235,
          0.107843,
          0.142157,
          0.161765
        ],
        [
          0.2352942352942353,
          0.1960781960781961,
          0.20098020098020097,
          0.36764736764736766
        ],
        [
          0.44607844607844604,
          0.10294110294110295,
          0.09803909803909805,
          0.352941352941353
        ],
        [
          0.269608,
          0.093137,
          0.156863,
          0.480392
        ],
        [
          0.367647,
          0.29902,
          0.127451,
          0.205882
        ],
        [
          0.07843107843107844,
          0.08333308333308334,
          0.2745102745102745,
          0.5637255637255638
        ],
        [
          0.078431,
          0.034314,
          0.176471,
          0.710784
        ],
        [
          0.176471,
          0.009804,
          0.093137,
          0.720588
        ],
        [
          0.8235298235298235,
          0.06372506372506373,
          0.06862706862706862,
          0.04411804411804412
        ],
        [
          0.377451,
          0.607843,
          0.0,
          0.014706
        ]
      ]
    }
  }
}
